total_wall_time_seconds=5050.504569
total_wall_time_minutes=84.175076
